225299
226520
226957
226962
226967
226972
226977
226982
226991
228049
229150
229154
229158
229162
229166
229174
229959
229963
229967
229971
230637
230642
230647
230972
231204
231208
231212
231772
232049
232053
232057
232061
232065
232069
232073
232077
232081
232085
232283
232287
232292
232297
232302
232311
232316
232321
232326
232331
232336
232341
232346
234021
234025
234029
234033
234037
237530
237534
237538
237542
238405
239545
239550
239555
239560
239565
239570
239576
239582
239588
239594
239600
239605
239610
239880
239884
239888
239892
239896
239904
240750
240755
240760
240765
240770
240775
240780
240785
240790
241991
241995
242058
245245
245249
245253
245257
245261
245269
247341
248228
248249
248254
251260
251264
251519
254406
254677
254682
254687
254692
254697
254702
254707
254716
254721
254726
255685
256465
256474
257082
261527
262391
262748
262752
262757
262763
262769
262775
263878
263883
264770
264774
264778
267059
268122
268127
268132
268137
268142
268146
268151
268579
268584
268589
268594
268599
268604
268609
268613
268617
268626
268631
268635
268639
268644
269144
272294
272298
273645
274043
274047
275477
275681
275820
275826
275831
275836
275842
275847
275852
275857
275862
275867
275872
277972
277977
277982
277987
277992
277997
278002
278007
278012
281378
281422
281831
281836
282877
282881
283327
283332
283337
283342
283347
283352
283357
283362
283367
283586
283590
283594
283598
283602
283606
283610
283614
283618
283622
283626
283630
283634
283642
284537
284541
284545
284549
284553
285526
286810
286818
288577
288581
288585
288589
288593
289251
289255
289259
289263
291203
291721
292606
292612
292617
292622
292628
292633
292638
292643
292648
292653
292658
295233
295237
295241
299619
299623
301053
301058
301063
301820
303130
306465
316365
318138
332675
332679
332683
332687
334422
335513
339738
346179
346194
346203
346207
235054
235059
235064
235069
256876
256888
256892
258810
275806
288730
288734
290436
303553
329893
